30407215
30406343
30405848
30403909
30403717
30402234
30400595
30396943
30394284
30394112
30390383
30389437
30388713
30387402
30387023
30387014
30386620
30384806
30383644
30382159
30380950
30377674
30377575
30376997
30376664
30374009
30371238
30370656
30370267
30369661
30369380
30368484
30367451
30367322
30365854
30365398
30364524
30363150
30362328
30362322
30362313
30361894
30361868
30361548
30360728
30360692
30360602
30357709
30356422
30356116
30354850
30353679
30353287
30352817
30349922
30348163
30347396
30346835
30346284
30345046
30344713
30344618
30344426
30343536
30340621
30339576
30338173
30335885
30335242
30334368
30332982
30332455
30328524
30327857
30324636
30323785
30323195
30321080
30321007
30320989
30320920
30320365
30318761
30318471
30316882
30311421
30308496
30307804
30306390
30304305
30303656
30303126
30302857
30302652
30300431
30300053
30296195
30295091
30293705
30293398
30292910
30290661
30290658
30290608
30290049
30289427
30288498
30288001
30287995
30287823
30286843
30286723
30280271
30279988
30279510
30278830
30278576
30278574
30277293
30276443
30275864
30275863
30275860
30275859
30275853
30275852
30275851
30275241
30272598
30272359
30272349
30262052
30261243
30260254
30259975
30259416
30259364
30259342
30258918
30257941
30257646
30257411
30256777
30256567
30256046
30255696
30255693
30255244
30251277
30250578
30247957
30246500
30244975
30243716
30242581
30242135
30241140
30241137
30240955
30240508
30238972
30236487
30235730
30235721
30233264
30232767
30231409
30231328
30229477
30228989
30227836
30226549
30226114
30224754
30222727
30222327
30222029
30221311
30220107
30219806
30218909
30217292
30216665
30214595
30214581
30213279
30208185
30207076
30206184
30203490
30203335
30203254
30202672
30202040
30200262
30200142
30197799
30197514
30197363
30196916
30196727
30196424
30196358
30196031
30195239
30194933
30194749
30193687
30193216
30191237
30190427
30190194
30188759
30187678
30186583
30186139
30185296
30184043
30183988
30181939
30180968
30180725
30180594
30179186
30178244
30178243
30176834
30176833
30175774
30175056
30174762
30174488
30173230
30172320
30172235
30170496
30170432
30170382
30168562
30167086
30167082
30166274
30160152
30160115
30160021
30160019