30181939
30184043
30191237
30193687
30194749
30196424
30202040
30202672
30203254
30206184
30208185
30212931
30214581
30219806
30224754
30231328
30240955
30241137
30241140
30241207
30243716
30246500
30247957
30250578
30257411
30258918
30259342
30259975
30260254
30261243
30262052
30272349
30272598
30275241
30275851
30275852
30275853
30275859
30275860
30276443
30278574
30279988
30287823
30287995
30288001
30290661
30292910
30293398
30293705
30300053
30303126
30303656
30309689
30311421
30318761
30320304
30320365
30320920
30320989
30323195
30334368
30338173
30339576
30346284
30346835
30349348
30349922
30350268
