30465921
30465497
30465157
30465076
30464629
30464526
30464453
30463662
30462912
30460281
30462571
30461619
30460464
30460398
30458873
30458861
30457164
30455863
30454008
30453988
30453959
30453894
30452954
30452897
30452738
30452584
30452520
30452087
30452038
30452015
30451397
30451102
30450693
30450274
30449493
30449229
30448897
30446972
30445651
30445141
30444548
30443994
30443881
30443868
30443527
30443102
30442738
30442737
30442736
30440937
30440415
30439598
30430471
30430365
30430265
30429980
30429970
30429200
30428997
30428976
30428375
30426834
30426307
30425864
30425844
30424783
30424239
30423570
30423508
30421705
30421513
30421287
30421176
30420960
30420171
30419922
30419602
30419307
30418174
30417856
30417626
30416679
30416383
30415673
30415293
30415183
30415009
30414755
30413446
30412716
30412287
30412123
30412119
30412117
30412113
30412089
30412075
30412067
30411340
30411328
30411159
30410929
30410392
30410149
30409127
30407882
30407355
30407325
30407303
30407297
30407286
30407215
30406869
30406761
30406473
30406364
30406343
30405983
30405848
30405760
30405052
30404788
30403909
30403799
30403717
30403658
30403424
30402234
30402219
30400595
30400234
30400123
30396987
30396986
30396969
30396965
30396943
30395419
30394526
30394284
30394112
30390716
30390383
30390344
30389659
30389437
30388713
30388485
30388235
30387871
30387470
30387402
30387023
30387014
30387004
30386993
30386620
30386142
30385886
30385358
30385276
30384806
30383904
30383678
30383658
30383644
30383624
30383154
30383137
30383131
30382840
30382394
30382332
30382159
30382058
30381917
30380950
30380589
30379833
30377679
30377674
30377575
30377210
30377106
30376997
30376844
30376632
30375702
30375122
30374776
30374733
30374009
30373708
30371238
30370946
30370813
30370656
30370267
30369661
30369653
30369626
30369488
30369380
30368906
30368744
30368743
30368627
30368484
30368240
30367684
30367451
30367358
30367322
30366939
30366654
30366176
30365854
30365398
30364524
30364388
30363769
30363150
30362671
30362666
30362387
30362384
30362328
30362322
30362313
30362065
30361894
30361868
30361831
30361548
30361002
30360958
30360728
30360602
30360018
30359894
30359780
30358609
30358191
30358141
30357537
30356422
30356372
30356116
30354850
30354459
30353679
30353287
30353228
30353047
30353046
30352817
30352751
30352519
30352310
30351502
30351060
30350268
30349922
30349393
30349377
30349348
30348261
30348163
30348123
30347840
30347396
30346835
30346284
30345046
30344868
30344713
30344710
30344618
30344568
30344426
30344023
30343536
30343456
30343454
30341560
30340621
30340058
30339576
30339386
30339151
30338792
30338462
30338173
30337342
30335885
30335021
30334995
30334925
30334464
30334368
30333256
30333222
30333016
30332455
30332352
30329152
30329056
30328524
30328515
30328211
30328050
30327858
30327786
30327564
30327215
30325492
30324636
30324585
30324429
30323785
30323663
30323195
30322717
30321080
30321007
30320989
30320920
30320365
30320304
30319964
30319328
30319215
30318761
30318614
30318592
30318471
30317728
30317727
30317726
30317432
30316882
30316463
30315187
30314577
30314434
30313063
30313034
30313020
30312434
30312118
30311638
30310523
30310519
30309377
30308479
30307804
30306595
30306590
30306429
30304311
30304305
30304013
30303656
30303126
30302857
30302652
30300991
30299652
30300431
30300053
30299404
30298090
30297384
30296717
30296337
30296195
30295097
30295091
30293705
30293398
30293396
30293391
30293243
30293241
30293212
30292910
30291812
30291561
30290998
30290661
30290658
30290620
30290611
30290608
30290586
30290280
30290049
30289427
30289283
30289174
30288516
30288498
30288497
30288124
30288118
30288004
30288001
30287995
30287823
30286843
30286723
30285756
30283856
30282876
30282320
30281370
30281209
30280970
30280271
30279988
30279510
30278966
30278830
30278576
30278574
30278541
30277689
30278461
30277293
30276443
30275864
30275851
30275645
30275562
30275241
30275235
30275220
30275208
30275207
30275183
30274766
30273530
30272598
30272359
30272349
30271702
30270520
30270029
30268633
30268525
30267167
30266988
30265967
30265635
30265041
30264853
30263989
30262052
30261243
30261112
30260254
30260191
30259416
30259364
30259342
30259332
30259135
30258918
30258514
30257892
30257646
30257595
30257411
30257133
30256777
30256567
30256233
30256046
30255696
30255693
30255244
30255001
30254988
30254685
30254100
30253442
30252883
30251900
30251732
30251277
30250578
30249884
30249872
30249158
30248155
30247970
30247967
30247957
30247950
30247208
30246500
30246241
30245767
30244816
30243716
30243508
30243153
30242577
30241571
30241269
30241262
30241228
30241207
30241185
30241184
30241147
30241141
30241140
30241137
30240955
30239562
30239521
30238533
30238419
30236776
30235735
30235730
30235721
30235654
30234730
30234689
30233821
30233754
30233752
30233264
30233240
30233214
30232767
30232524
30231922
30231409
30231343
30231328
30230942
30229826
30229557
30229499
30229477
30229271
30228989
30227299
30226604
30226549
30225621
30225620
30225619
30225570
30224754
30223800
30222727
30222327
30222029
30221311
30220947
30220705
30220584
30220107
30219806
30219672
30218909
30217292
30216665
30216591
30214595
30214581
30214288
30214233
30214216
30213279
30212985
30212980
30212598
30212266
30210909
30210716
30210240
30210223
30209119
30208185
30207789
30207328
30207281
30207076
30206184
30205821
30205402
30205376
30203490
30203335
30203254
30202672
30202040
30201586
30200900
30200262
30200157
30200142
30200120
30200073
30199396
30198973
30197799
30197370
30197364
30197361
30197358
30197350
30197344
30197338
30196538
30196530
30196424
30196358
30196260
30196031
30195948
30195804
30195413
30195239
30194933
30194749
30194234
30194206
30194205
30194203
30194201
30194189
30194175
30193687
30193219
30193216
30191956
30191866
30191351
30191237
30190427
30190194
30189847
30189404
30189225
30189117
30188759
30188400
30187868
30187678
30187675
30186583
30186486
30186139
30184654
30184527
30184043
30183926
30183693
30183462
30182630
30182367
30182121
30181939
30181418
30180725
30180594
30179792
30179747
30179186
30178244
30178243
30176933
30176834
30176833
30176814
30176813
30176513
30175774
30175631
30175072
30175056
30174762
30174721
30174488
30174241
30173945
30173272
30173230
30172698
30172320
30172235
30170816
30170496
30170432
30170390
30170382
30170197
30169506
30168650
30168562
30168014
30167906
30167861
30167082
30167038
30166274
30165321
30160152
30160021
30160019
30159788
30159785
30159332
30159172
30158597
30158405
30158269
30158063
30157951
30157929
30157918
30157902
30157813
30157490
30157476
30157224
30156052
30155816
30154889
30154641
30154229
30154145
30153977
30153958
30153865
30153845
30153764
30153663
30153321
30153317
30153282
30153148
30152748
30151857
