30352310
30351502
30350268
30349922
30349477
30349393
30349377
30349348
30349296
30348163
30348123
30347971
30347840
30347396
30346835
30346284
30345046
30344868
30344713
30344710
30344618
30344568
30344426
30344023
30343536
30343456
30343454
30341560
30340621
30340058
30339576
30339151
30338792
30338462
30338354
30338173
30337342
30335885
30335242
30334925
30334464
30334368
30333256
30333222
30333016
30332982
30332455
30332352
30329152
30329056
30328524
30328316
30328211
30328050
30327858
30327857
30327786
30327564
30327215
30325492
30324636
30324585
30324429
30323785
30323663
30323195
30322717
30322505
30322288
30322228
30321080
30321007
30320989
30320920
30320365
30320304
30319967
30319964
30319328
30319215
30318761
30318672
30318614
30318592
30318471
30317728
30317727
30317726
30317432
30316882
30316563
30316463
30315187
30314577
30314434
30313034
30312434
30312118
30311638
30311421
30310801
30310523
30310519
30309689
30309222
30307804
30306595
30306590
30306429
30306390
30304305
30304013
30303656
30303154
30303126
30302857
30302652
30301677
30300991
30299652
30300431
30300053
30299404
30298090
30297384
30296717
30296337
30296195
30295097
30295091
30293705
30293398
30293396
30293391
30293212
30292910
30291812
30291561
30290998
30290775
30290661
30290658
30290620
30290611
30290608
30290586
30290049
30289537
30289427
30289174
30288516
30288498
30288497
30288124
30288118
30288004
30288001
30287995
30287823
30286843
30286723
30285756
30285327
30283856
30282876
30282445
30281998
30281704
30281370
30281209
30280970
30280271
30279988
30279510
30278966
30278830
30278576
30278574
30278541
30277689
30277293
30276443
30275864
30275863
30275862
30275861
30275860
30275859
30275858
30275857
30275856
30275855
30275854
30275853
30275852
30275851
30275645
30275562
30275241
30275235
30275220
30275208
30275207
30275194
30275183
30275177
30274766
30272598
30272359
30272349
30271702
30270520
30270029
30268633
30268525
30267167
30267154
30266988
30265967
30265635
30265041
30264853
30263989
30262052
30261931
30261243
30260254
30260191
30259975
30259416
30259364
30259342
30259332
30259135
30258918
30258514
30257892
30257891
30257888
30257646
30257595
30257411
30257133
30256567
30256233
30256046
30255696
30255693
30255244
30255001
30254998
30254988
30254685
30254100
30253442
30252883
30251732
30251390
30251277
30250578
30249884
30249217
30249158
30248155
30247972
30247970
30247968
30247967
30247961
30247957
30247950
30247208
30246500
30246241
30245767
30244975
30244816
30243716
30243155
30243153
30242581
30242579
30242577
30241571
30241269
30241262
30241228
30241207
30241185
30241184
30241147
30241141
30241140
30241137
30240955
30240508
30239562
30239521
30238972
30238533
30236776
30235921
30235735
30235730
30235721
30235698
30235654
30234730
30233821
30233754
30233752
30233264
30233240
30233214
30232767
30232524
30232083
30231922
30231409
30231343
30231328
30230942
30229826
30229557
30229499
30229477
30229271
30229259
30228989
30227689
30226604
30226549
30226114
30225621
30225620
30225619
30225570
30224754
30224477
30223117
30222727
30222327
30222029
30221311
30220947
30220705
30220584
30220167
30220107
30219806
30219672
30218909
30217292
30216684
30216665
30216591
30214595
30214581
30214288
30214233
30214216
30214193
30213279
30213196
30212985
30212980
30212943
30212931
30212598
30212392
30212266
30211190
30210909
30210716
30210240
30210227
30210223
30209119
30208185
30207789
30207328
30207281
30207098
30207076
30206184
30205914
30205821
30205402
30203490
30203335
30203254
30202756
30202672
30202040
30201586
30200900
30200262
30200157
30200142
30200073
