30199396
30197799
30197514
30197363
30197350
30197347
30197344
30197338
30197027
30196916
30196727
30196688
30196538
30196530
30196358
30196303
30196260
30196031
30195967
30195804
30195413
30195330
30195239
30194933
30194234
30194206
30194205
30194203
30194201
30194189
30194175
30194148
30194145
30193216
30191956
30191866
30191351
30190427
30190194
30189847
30189722
30189404
30189225
30189117
30188759
30188400
30187868
30187678
30187675
30187035
30186730
30186583
30186486
30186308
30186139
30185296
30184654
30184527
30183988
30183926
30183694
30183693
30183692
30183462
30182630
30182367
30182121
30182018
30181418
30181360
30181190
30180968
30180725
30180594
30179792
30179186
30178244
30178243
30178060
30177584
30176933
30175774
30175631
30175072
30175066
30175056
30174762
30174721
30174488
30174241
30173945
30173529
30173272
30173230
30172698
30172320
30172235
30170816
30170496
30170432
30170390
30170382
30170197
30169506
30168650
30168562
30168014
30167906
30167089
30167086
30167082
30167038
30166969
30166965
30166274
30165893
30165321
30160152
30160115
30160021
30160019
30159788
30159785
30159172
30158869
30158597
30158269
30157950
30157929
30157918
30157902
30157813
30157490
30157476
30157409
30157224
30156427
30156052
30155816
30154889
30154641
30154229
30154145
30153977
30153865
30153845
30153764
30153663
30153321
30153317
30153282
30153148
30152748
30151857
30151636
30151547
30151375
30150398
30150348
30150335
30150042
30150038
30149831
30149621
30149327
30149225
30149216
30148729
30148162
30148062
30147097
30146712
30146695
30146666
30146351
30146252
30145739
30145738
30145602
30145090
30145089
30144818
30144784
30144661
30144282
30144023
30143750
30143463
30143449
30142860
30142825
30142553
30142471
30142158
30142017
30141822
30141614
30140943
30140320
30140154
30139817
30139693
30139614
30139613
30139611
30139510
30139244
30139233
30139217
30139205
30139039
30139034
30139031
30139030
30139028
30138990
30138956
30138940
30138023
30137688
30136022
30134951
30134648
30134014
30132833
30132305
30132256
30131975
30131915
30131824
30131326
30131236
30130984
30130668
30130155
30130147
30130140
30129903
30129695
30129448
30129373
30128845
30128822
30128536
30128007
30127671
30126457
30126213
30125424
30124690
30124640
30124455
30124440
30124439
30124121
30123882
30123410
30122988
30122854
30122853
30122348
30121786
30121682
30121667
30121642
30120643
30120494
30120466
30120166
30120165
30120164
30119910
30119844
30119698
30118891
30118334
30117264
30116944
30116931
30115950
30115027
30115017
30114981
30114709
30114329
30114323
30113824
30113631
30113499
30112841
30112722
30112019
30111944
30111758
30110679
30110579
30110018
30109570
30109140
30108054
30107807
30107717
25719192
30107043
30104711
30104003
30103904
30103829
30103752
30103597
30103472
30103371
30103303
30102508
30103233
30102019
30101142
30101014
30100994
30100586
30100155
30100076
30100072
30100043
30099993
30099326
30099223
30098710
30098307
30098295
30098212
30098066
30097792
30097713
30097238
30097233
30097231
30097015
30096868
30096722
30096632
30096560
30096458
30095661
30095645
30095640
30095634
30095201
30094729
30094655
30094592
30094114
30093976
30093182
30093110
30092969
30092967
30092718
30092563
30092555
30092498
30092457
30092313
30092298
30091683
30091675
30091470
30090939
30090744
30090720
30089770
30089478
30089314
30088537
30088226
30088188
30088179
30088139
30088064
30087907
30087072
30086978
30086965
30086430
30084516
30084474
30083066
30083054
30083053
30082489
30082387
30081937
30081782
30081349
30079815
30079361
30078507
30078435
30077954
30077918
30077429
30076727
30076657
30076411
30076083
30075864
30075794
30075609
30075530
30075507
30075492
30073604
30073483
30073103
30072748
30072194
30072192
30072190
30072097
30072013
30071703
30070358
30069687
30069182
30069181
30069179
30068574
30068304
30067919
30067063
30066865
30066497
30066118
30066060
30064593
30064576
30064201
30064200
30063890
30062934
30062586
30062572
30062571
30062488
30062102
30061853
30061525
30061414
30061407
30061276
30061271
30061257
30061244
30061239
30061232
30061228
30061226
30061223
30061222
30061217
30061212
30061211
30061207
30061204
30061203
30060745
30060509
30060361
30060358
30059817
30059813
30059751
30059534
30059394
30057838
30057641
30057195
30057089
30056732
30056726
30056638
30056598
30056530
30056387
30055543
30055521
30055420
30055304
30054636
30054559
30053900
30053332
30052877
30052478
30052477
30052095
30051677
30050774
30050709
30050604
30049903
30049201
30049199
30049192
30049185
30048319
30048034
30047046
30046669
30046386
30046204
30046203
30045667
30045325
30045313
30045266
30045213
30045207
30044709
30044603
30044144
30044058
30043542
30042812
30042282
30042281
30042280
30042279
30042274
30042240
30042172
30041975
30041974
30041954
30041537
30041193
30041178
30041177
30041149
30041135
30039622
30039515
30039288
30039058
30038799
30038680
30038434
30038419
30038216
30038010
30037859
30037639
30037622
30036884
30036877
30036867
30036863
30036862
30036740
30036253
30036228
30036226
30035795
30035717
30034663
30034522
30034236
30033631
30033510
30032791
30032244
30031098
30031058
30030748
30030731
30030557
30029971
30029669
30029406
30029203
30029074
30029053
30028961
30028743
30028056
30027574
30027300
30027204
30027004
30026854
30026449
30026423
30026420
30026408
